width 65
height 45
rows
0
0
0
65
65
65
65
65
65
65
0
0
1
1,1
1,1
1,1
1,1
19
1,1,1,1
1,1,1,1
1,1,1,1
1,1
1,1
1,1
1,1,1,1
1,1,1,1
1,1,1,1
19
1,1
1,1
1,1
1,1
1
0
0
65
65
65
65
65
65
65
0
0
0
columns
7,7
7,7
7,7
7,7
7,7
7,7
7,7
7,7
7,7
7,7
7,7
7,7
7,7
7,7
7,7
7,7
7,7
7,7
7,7
7,7
7,7
7,7
7,7
7,1,1,7
7,2,2,7
7,1,1,1,1,7
7,1,1,1,1,7
7,1,3,1,7
7,1,2,2,1,7
7,2,2,7
7,3,3,7
7,2,1,1,2,7
7,1,1,1,1,7
7,2,1,1,2,7
7,3,3,7
7,2,2,7
7,1,2,2,1,7
7,1,3,1,7
7,1,1,1,1,7
7,1,1,1,1,7
7,2,2,7
7,1,1,7
7,7
7,7
7,7
7,7
7,7
7,7
7,7
7,7
7,7
7,7
7,7
7,7
7,7
7,7
7,7
7,7
7,7
7,7
7,7
7,7
7,7
7,7
7,7